2.574015298665594531e-01 9.260146344298814114e-02 0.000000000000000000e+00
1.156519887253747436e+00 7.675771419688052211e-01 0.000000000000000000e+00
1.480363283047552991e-01 2.064271894045003608e-01 0.000000000000000000e+00
1.162986876464220665e-01 9.239606051009101317e-02 0.000000000000000000e+00
1.178104322709411372e-01 3.228891959324071692e-01 0.000000000000000000e+00
-3.537891680136848183e-02 1.552267449844805525e-01 0.000000000000000000e+00
8.464453853280764495e-01 9.005154217062737443e-01 0.000000000000000000e+00
4.312571926326065619e-02 2.895592840886583308e-01 0.000000000000000000e+00
-8.589877453902633464e-03 1.202534124865519971e-01 0.000000000000000000e+00
-8.867236814266538092e-02 1.562219474306986156e-03 0.000000000000000000e+00
-6.896456372447415384e-02 -1.395211380661713907e-01 0.000000000000000000e+00
1.556408721598158962e-01 2.368213316769751109e-01 0.000000000000000000e+00
6.729335309653798891e-01 8.695096380927885837e-01 0.000000000000000000e+00
5.342532203149400472e-01 8.837005556477488533e-01 0.000000000000000000e+00
1.028010688145000184e+00 7.103198471174528850e-01 0.000000000000000000e+00
8.973152622440765114e-02 1.819969043190403646e-01 0.000000000000000000e+00
2.022985347902495901e-01 2.377323275721719142e-01 0.000000000000000000e+00
-8.216577590381882179e-02 -1.499404080317534582e-02 0.000000000000000000e+00
-9.785899141704484938e-02 2.146120489440742352e-01 0.000000000000000000e+00
1.279258710395342891e-01 4.387155366767255815e-01 0.000000000000000000e+00
6.436677787850018095e-01 7.747615747586474866e-01 0.000000000000000000e+00
1.587634660851164892e-01 1.392431356919008878e-01 0.000000000000000000e+00
1.643379073256865663e-01 2.822966654345533399e-01 0.000000000000000000e+00
2.051020755668797046e-01 2.875238451774105308e-01 0.000000000000000000e+00
-7.158317029622962568e-02 1.783993892505950640e-01 0.000000000000000000e+00
1.782721999673103075e-01 6.774217618717567335e-01 0.000000000000000000e+00
1.222332334607369037e-01 3.916945611746056599e-01 0.000000000000000000e+00
1.571256813512010297e-01 -8.449165909932865315e-02 0.000000000000000000e+00
8.739325169746169353e-01 7.307684305976813732e-01 0.000000000000000000e+00
6.099723421087183128e-01 8.045289038025718042e-01 0.000000000000000000e+00
-2.401377620408229330e-02 3.003075978055887441e-01 0.000000000000000000e+00
1.640831949659150857e-02 2.313184409742286840e-01 0.000000000000000000e+00
-8.494667592321214489e-02 3.114814020015837515e-01 0.000000000000000000e+00
1.246572860695062124e-01 -2.665438440418527177e-02 0.000000000000000000e+00
2.245753386843960531e-01 1.512429393897905261e-01 0.000000000000000000e+00
7.886312749553834323e-01 9.118611808061399815e-01 0.000000000000000000e+00
1.211557888927023985e-01 1.892648746996491993e-01 0.000000000000000000e+00
1.401901071920055863e-01 1.904904507615511333e-01 0.000000000000000000e+00
2.418887537125434528e-02 1.935187983086988639e-01 0.000000000000000000e+00
1.884120930154626894e-01 9.725466729370098318e-02 0.000000000000000000e+00
1.077648560362883534e-01 8.131684654116809463e-02 0.000000000000000000e+00
5.090718404569348488e-02 2.166216497538357988e-01 0.000000000000000000e+00
1.203606503921094695e-01 2.272887681632131396e-01 0.000000000000000000e+00
4.389742733906690231e-01 9.705644604865768521e-01 0.000000000000000000e+00
1.283099539856231153e-01 2.125488667903981665e-01 0.000000000000000000e+00
2.346302829600998563e-01 3.532536243427816247e-01 0.000000000000000000e+00
3.491899605637116544e-02 3.616341829000550012e-01 0.000000000000000000e+00
-4.680430476582989052e-02 1.986825886021706400e-01 0.000000000000000000e+00
9.687411733958635196e-01 9.479575042457377698e-01 0.000000000000000000e+00
1.875241117540161762e-01 -5.363708630057140159e-02 0.000000000000000000e+00
5.633646650123698418e-02 5.991083422463111541e-02 0.000000000000000000e+00
1.622393587004668236e-01 1.670880854061966569e-01 0.000000000000000000e+00
5.171735517074194100e-02 1.824850039953244685e-01 0.000000000000000000e+00
6.399089034419201683e-02 -2.925829832390760554e-01 0.000000000000000000e+00
1.309652261286526620e-01 1.613257053303986388e-01 0.000000000000000000e+00
-5.151498919620906003e-02 1.993083069929024176e-01 0.000000000000000000e+00
6.969172271512137640e-02 4.012219837054559202e-01 0.000000000000000000e+00
1.328527304787597840e-01 2.591283353266499168e-02 0.000000000000000000e+00
8.935893892949225981e-02 5.731575098429684267e-01 0.000000000000000000e+00
5.710722477987772300e-02 1.794096190512677047e-01 0.000000000000000000e+00
1.061169000214906011e-01 3.403650261563385682e-01 0.000000000000000000e+00
-5.894053109388991407e-02 1.773873625834544165e-01 0.000000000000000000e+00
7.844717373149525663e-01 7.105006579059011118e-01 0.000000000000000000e+00
1.727211696827346543e-01 1.147795254339908921e-01 0.000000000000000000e+00
-9.263155025096980744e-02 2.842113400495674957e-01 0.000000000000000000e+00
9.865992489742013427e-02 -4.284827494749982035e-03 0.000000000000000000e+00
1.078766435512638344e-01 3.227327006593184722e-01 0.000000000000000000e+00
6.062545350439421110e-01 8.954139760834407546e-01 0.000000000000000000e+00
-4.194007318434278542e-02 5.478328129973716876e-02 0.000000000000000000e+00
4.701307858332503531e-01 7.504522180372175111e-01 0.000000000000000000e+00
-3.482911686641160243e-02 2.483765428222126648e-01 0.000000000000000000e+00
7.389116638720121255e-01 5.378746847098960782e-01 0.000000000000000000e+00
8.098814801118123796e-01 4.579333140180379402e-01 0.000000000000000000e+00
1.012030823456179784e-01 1.982522658514599967e-01 0.000000000000000000e+00
-3.763763400214628629e-02 4.443302957456353730e-01 0.000000000000000000e+00
6.007290127748465824e-01 1.185710845097121435e+00 0.000000000000000000e+00
4.150174393622068081e-01 7.220015339076069072e-01 0.000000000000000000e+00
1.023163507017902651e-01 -4.058776297175795134e-02 0.000000000000000000e+00
3.054102064305576347e-02 1.171802149045292757e-01 0.000000000000000000e+00
3.791940319280522054e-02 -7.599849655219664823e-02 0.000000000000000000e+00
2.205278010764677998e-01 2.670130875763062073e-01 0.000000000000000000e+00
5.388237670309776323e-02 1.216016100773816971e-01 0.000000000000000000e+00
-1.483060308361317248e-01 2.833225758175416109e-01 0.000000000000000000e+00
1.033846987364991921e-02 1.915250126438754197e-01 0.000000000000000000e+00
3.447371274844068800e-03 1.815730460928275947e-01 0.000000000000000000e+00
9.704906292413506552e-02 1.027728190167636474e-01 0.000000000000000000e+00
1.547523316310900898e-01 2.085225041241784427e-01 0.000000000000000000e+00
3.128900006349285001e-01 4.968614670401554911e-01 0.000000000000000000e+00
2.831827753898003008e-01 6.388572203820755413e-02 0.000000000000000000e+00
1.563409686477698068e-01 2.381364411921876867e-01 0.000000000000000000e+00
3.008558916910179792e-02 3.829760191808554426e-01 0.000000000000000000e+00
6.255647301202174604e-02 2.023320787460826664e-01 0.000000000000000000e+00
1.757036465215482124e-02 4.876202703018310824e-01 0.000000000000000000e+00
1.670270550616421712e-01 3.011589800073866119e-01 0.000000000000000000e+00
1.427800027066287170e-01 -4.150146944436466923e-03 0.000000000000000000e+00
6.127829733654441280e-02 2.781236812506708844e-01 0.000000000000000000e+00
-1.283152399868435489e-02 5.522061508970113053e-01 0.000000000000000000e+00
1.058529974610226826e-01 3.210020572157157304e-02 0.000000000000000000e+00
2.301916502866462322e-01 3.227948274740596313e-01 0.000000000000000000e+00
2.168231887942376757e-01 6.754648812128205559e-02 0.000000000000000000e+00
9.311509783291762599e-01 9.850085157317695073e-01 1.000000000000000000e+00
2.724872453058324040e-01 3.778638934973930774e-01 1.000000000000000000e+00
7.726230099770663440e-01 8.754360711346803603e-01 1.000000000000000000e+00
3.480535455444095927e-01 6.332224222099578359e-01 1.000000000000000000e+00
2.350166765469783037e-01 2.625162127904622777e-01 1.000000000000000000e+00
9.791852203395869925e-01 9.001730010555399897e-01 1.000000000000000000e+00
9.988113204961963643e-01 8.876663751389414214e-01 1.000000000000000000e+00
4.665361485988922530e-01 7.667053615334220584e-01 1.000000000000000000e+00
3.761506388456729577e-01 6.782841976930293892e-01 1.000000000000000000e+00
9.017294321311650762e-01 8.822908240133274793e-01 1.000000000000000000e+00
7.189042419726774380e-01 6.688888193877319255e-01 1.000000000000000000e+00
2.386560239362556235e-01 7.114896711170760613e-01 1.000000000000000000e+00
9.093618360423336711e-01 7.448766242051990671e-01 1.000000000000000000e+00
1.096456743247082422e+00 1.004863372863127990e+00 1.000000000000000000e+00
8.660274007833986820e-01 9.013858990320758879e-01 1.000000000000000000e+00
9.673878234107562424e-01 7.704196359027961627e-01 1.000000000000000000e+00
7.296267940283478470e-01 9.593367243536928823e-01 1.000000000000000000e+00
6.918352667825249380e-01 4.386826986458282618e-01 1.000000000000000000e+00
6.704429496696624469e-01 8.627561140956032659e-01 1.000000000000000000e+00
8.385719660434913791e-01 8.951318431475850934e-01 1.000000000000000000e+00
1.987312929329640987e-01 8.428280479076042386e-01 1.000000000000000000e+00
1.858395923733353050e-01 3.732961978535298542e-02 1.000000000000000000e+00
5.576809278017549332e-01 6.437028922254479646e-01 1.000000000000000000e+00
6.362776275292547634e-01 6.016263752142181342e-01 1.000000000000000000e+00
7.721891095955621953e-01 5.953296230448709148e-01 1.000000000000000000e+00
7.770553689479627879e-01 8.767728356189337102e-01 1.000000000000000000e+00
5.462804178891225160e-01 8.613761590947464075e-01 1.000000000000000000e+00
2.294968113470982063e-01 8.781578884178208311e-01 1.000000000000000000e+00
8.471052522761360892e-01 6.682844949761395092e-01 1.000000000000000000e+00
9.306186572215684460e-01 1.013684793349896474e+00 1.000000000000000000e+00
7.324339879604860881e-01 6.878748972665436057e-01 1.000000000000000000e+00
4.891820083509770267e-01 7.861051650051803508e-01 1.000000000000000000e+00
1.015658269693272775e+00 6.503644446252827560e-01 1.000000000000000000e+00
7.165118355866239019e-01 9.147007522298277182e-01 1.000000000000000000e+00
8.802028403166763937e-01 7.687740638982202279e-01 1.000000000000000000e+00
1.461763034260314398e-01 3.660711248568702114e-01 1.000000000000000000e+00
7.988400383631145685e-01 8.346537439885762799e-01 1.000000000000000000e+00
4.614189600780174705e-01 3.894851361679201318e-01 1.000000000000000000e+00
1.163953147923936782e-01 2.650731755648910726e-01 1.000000000000000000e+00
4.571937749618377733e-01 8.897706851093054592e-01 1.000000000000000000e+00
4.991247151500302071e-01 9.646367430193917292e-01 1.000000000000000000e+00
8.779298909860355771e-02 -2.677914970595604571e-02 1.000000000000000000e+00
9.498858148204920582e-01 8.133124085282104065e-01 1.000000000000000000e+00
2.051652273902405121e-01 1.284786989768534338e-01 1.000000000000000000e+00
8.402322230321985774e-01 9.347686820829319565e-01 1.000000000000000000e+00
6.258681366591404283e-01 7.410852812853674365e-01 1.000000000000000000e+00
4.668245307298766189e-01 8.898864750367995180e-01 1.000000000000000000e+00
4.772611750763894878e-01 8.420867791789723444e-01 1.000000000000000000e+00
9.979867893975895576e-01 8.708550108825685587e-01 1.000000000000000000e+00
9.744192328220621091e-01 1.042703690561874952e+00 1.000000000000000000e+00
5.614018776701206193e-01 7.189202578186897341e-01 1.000000000000000000e+00
7.431176873952054507e-01 7.013954657724160713e-01 1.000000000000000000e+00
6.959525574431077999e-01 7.814606821369155520e-01 1.000000000000000000e+00
5.039849405839831320e-01 6.583719361248701052e-01 1.000000000000000000e+00
4.885851301578123529e-01 5.675710820148710534e-01 1.000000000000000000e+00
6.525320098162350479e-01 6.413953223918562596e-01 1.000000000000000000e+00
4.793959188025194162e-01 6.322771991553083337e-01 1.000000000000000000e+00
8.869834926830512112e-01 9.052392170453584797e-01 1.000000000000000000e+00
1.148182624439146426e+00 1.087683057125946595e+00 1.000000000000000000e+00
7.542304498816051472e-01 6.683241035031082244e-01 1.000000000000000000e+00
1.613318314354996730e-01 8.395562740831258308e-01 1.000000000000000000e+00
7.561928566865828705e-01 1.039719485676641408e+00 1.000000000000000000e+00
7.119406762793442089e-01 9.775161579846799453e-01 1.000000000000000000e+00
6.118672034097066836e-01 8.351132138647362479e-01 1.000000000000000000e+00
1.051924407215623303e+00 8.126265151608470516e-01 1.000000000000000000e+00
1.724989402750741752e-01 4.549629300599310477e-01 1.000000000000000000e+00
4.857203064895899702e-01 7.495392559391780285e-01 1.000000000000000000e+00
6.322928350229688466e-01 8.153747303448198869e-01 1.000000000000000000e+00
5.964432638808843112e-01 9.094874262829462097e-01 1.000000000000000000e+00
2.264162277283809643e-01 2.670882844824339353e-01 1.000000000000000000e+00
4.143328005330548791e-01 7.532837559021197116e-01 1.000000000000000000e+00
2.943740132436139523e-01 8.097480687387975662e-01 1.000000000000000000e+00
5.860725027795015141e-01 8.140816582867917983e-01 1.000000000000000000e+00
5.855547842046490148e-01 5.487952586780949771e-01 1.000000000000000000e+00
6.592485758837035581e-01 6.996787021334941459e-01 1.000000000000000000e+00
1.791867828242906802e-01 3.327189794739244810e-01 1.000000000000000000e+00
8.962001494225689813e-01 7.010770121427932766e-01 1.000000000000000000e+00
4.795937354137352893e-01 9.246019688359802258e-01 1.000000000000000000e+00
3.074021964050362987e-01 8.060228707098906487e-01 1.000000000000000000e+00
7.559846529737694887e-01 6.986709429937280058e-01 1.000000000000000000e+00
7.847389559160466987e-01 7.465972392814468339e-01 1.000000000000000000e+00
7.831337476357939087e-01 7.315474528321166403e-01 1.000000000000000000e+00
1.221889316837083239e+00 8.524120971552666681e-01 1.000000000000000000e+00
6.111421597660358085e-01 9.600281118101458011e-01 1.000000000000000000e+00
4.235250191305008904e-01 6.356165410119216652e-01 1.000000000000000000e+00
9.377407399660971921e-01 8.125691214338506274e-01 1.000000000000000000e+00
5.183953490187926949e-01 9.128913643520809584e-01 1.000000000000000000e+00
3.643088485634197182e-01 8.019542653123991061e-01 1.000000000000000000e+00
6.414722523428859624e-01 7.089342114997989608e-01 1.000000000000000000e+00
6.557671427976580203e-01 8.130120626889935087e-01 1.000000000000000000e+00
8.524059643845705025e-01 1.111027111998772243e+00 1.000000000000000000e+00
4.950187315234266805e-01 5.772879285533297766e-01 1.000000000000000000e+00
1.866610140545018059e-01 3.804275556013143600e-01 1.000000000000000000e+00
7.801448685334646527e-01 1.009843287063538320e+00 1.000000000000000000e+00
2.500379117727751788e-01 9.471583973571143789e-01 1.000000000000000000e+00
2.330757197265992675e-01 1.192571962434405691e-01 1.000000000000000000e+00
4.555862565096951977e-01 9.229036146134413920e-01 1.000000000000000000e+00
5.394183449494222016e-01 7.549699716323378107e-01 1.000000000000000000e+00
6.501215167253361349e-01 8.242036029632731076e-01 1.000000000000000000e+00
1.013401595006397482e+00 8.720626011859582416e-01 1.000000000000000000e+00
